---
b_1: 1.249712
b_2: 1.380941
b_3: 1.523055
b_4: 1.671644
b_5: 1.824545
...
