---
b_1: 1.097744
b_2: 1.15629
b_3: 1.217763
b_4: 1.281402
b_5: 1.346758
b_6: 1.413514
b_7: 1.481428
b_8: 1.550309
b_9: 1.620001
b_10: 1.690376
...
